0	77	62	75	11	39	32	50	18	45	37	60	
77	0	49	39	10	16	13	15	68	36	26	52	
62	49	0	78	74	75	23	43	44	22	50	66	
75	39	78	0	37	41	24	84	58	61	41	71	
11	10	74	37	0	45	76	34	15	67	27	76	
39	16	75	41	45	0	36	23	57	17	59	31	
32	13	23	24	76	36	0	41	18	17	10	70	
50	15	43	84	34	23	41	0	85	53	55	27	
18	68	44	58	15	57	18	85	0	90	32	24	
45	36	22	61	67	17	17	53	90	0	83	64	
37	26	50	41	27	59	10	55	32	83	0	79	
60	52	66	71	76	31	70	27	24	64	79	0	
[0, 4, 3, 10, 6, 2, 9, 5, 1, 7, 11, 8, 0]
261