0	79	30	26	58	42	47	40	69	49	78	44	
79	0	54	89	80	70	74	20	37	63	61	27	
30	54	0	58	59	83	16	15	83	46	81	19	
26	89	58	0	39	46	31	42	12	87	66	79	
58	80	59	39	0	76	84	72	29	43	41	90	
42	70	83	46	76	0	51	69	18	81	76	14	
47	74	16	31	84	51	0	19	56	11	11	44	
40	20	15	42	72	69	19	0	53	53	10	54	
69	37	83	12	29	18	56	53	0	42	86	36	
49	63	46	87	43	81	11	53	42	0	84	81	
78	61	81	66	41	76	11	10	86	84	0	70	
44	27	19	79	90	14	44	54	36	81	70	0	
[0, 2, 6, 9, 4, 10, 7, 1, 11, 5, 8, 3, 0]
268