0	32	60	36	28	31	62	27	36	70	
32	0	86	28	30	26	48	66	81	86	
60	86	0	38	66	32	14	11	24	24	
36	28	38	0	44	53	84	71	25	18	
28	30	66	44	0	51	46	30	70	29	
31	26	32	53	51	0	71	65	32	40	
62	48	14	84	46	71	0	38	54	49	
27	66	11	71	30	65	38	0	90	75	
36	81	24	25	70	32	54	90	0	33	
70	86	24	18	29	40	49	75	33	0	
[0, 4, 9, 3, 8, 5, 1, 6, 2, 7, 0]
258