0	30	18	53	51	68	55	11	73	28	
30	0	44	74	62	64	61	51	61	64	
18	44	0	12	49	14	43	51	57	84	
53	74	12	0	56	90	31	51	17	31	
51	62	49	56	0	67	68	35	16	65	
68	64	14	90	67	0	33	17	10	59	
55	61	43	31	68	33	0	32	74	17	
11	51	51	51	35	17	32	0	67	82	
73	61	57	17	16	10	74	67	0	49	
28	64	84	31	65	59	17	82	49	0	
[0, 1, 4, 8, 5, 2, 3, 9, 6, 7, 0]
235