0	13	57	44	12	36	49	42	34	14	
13	0	85	52	31	28	26	24	18	69	
57	85	0	50	28	42	75	61	90	75	
44	52	50	0	35	28	45	33	53	82	
12	31	28	35	0	44	26	17	73	27	
36	28	42	28	44	0	46	61	76	17	
49	26	75	45	26	46	0	76	72	76	
42	24	61	33	17	61	76	0	25	42	
34	18	90	53	73	76	72	25	0	72	
14	69	75	82	27	17	76	42	72	0	
[0, 1, 8, 7, 3, 6, 4, 2, 5, 9, 0]
261