0	74	30	90	37	44	42	87	88	87	40	
74	0	90	37	45	56	71	18	74	27	68	
30	90	0	50	87	39	68	25	55	77	64	
90	37	50	0	81	65	52	13	46	52	77	
37	45	87	81	0	17	26	12	42	26	53	
44	56	39	65	17	0	77	11	21	43	31	
42	71	68	52	26	77	0	33	34	39	48	
87	18	25	13	12	11	33	0	56	47	90	
88	74	55	46	42	21	34	56	0	12	64	
87	27	77	52	26	43	39	47	12	0	53	
40	68	64	77	53	31	48	90	64	53	0	
[0, 2, 7, 3, 1, 9, 8, 6, 4, 5, 10, 0]
292