0	20	77	77	89	13	83	88	41	80	66	
20	0	80	44	52	34	43	14	85	79	72	
77	80	0	21	59	63	20	57	49	51	58	
77	44	21	0	15	44	16	39	74	65	18	
89	52	59	15	0	42	88	35	65	42	61	
13	34	63	44	42	0	22	63	43	27	17	
83	43	20	16	88	22	0	61	34	67	49	
88	14	57	39	35	63	61	0	51	64	53	
41	85	49	74	65	43	34	51	0	16	26	
80	79	51	65	42	27	67	64	16	0	43	
66	72	58	18	61	17	49	53	26	43	0	
[0, 1, 7, 4, 3, 6, 2, 9, 8, 10, 5, 0]
243