0	14	52	87	69	23	14	26	71	68	30	
14	0	51	68	81	41	76	54	51	45	71	
52	51	0	47	86	33	60	45	70	70	54	
87	68	47	0	81	14	28	37	70	58	84	
69	81	86	81	0	26	34	20	64	60	71	
23	41	33	14	26	0	44	74	18	75	45	
14	76	60	28	34	44	0	37	14	14	81	
26	54	45	37	20	74	37	0	23	53	52	
71	51	70	70	64	18	14	23	0	31	19	
68	45	70	58	60	75	14	53	31	0	19	
30	71	54	84	71	45	81	52	19	19	0	
[0, 1, 2, 3, 5, 4, 7, 8, 10, 9, 6, 0]
261