0	79	37	69	58	11	56	61	27	30	31	
79	0	57	85	33	89	78	79	14	18	62	
37	57	0	88	23	45	74	45	31	19	44	
69	85	88	0	84	79	37	68	82	61	62	
58	33	23	84	0	31	56	73	74	68	75	
11	89	45	79	31	0	44	22	30	68	79	
56	78	74	37	56	44	0	23	60	51	70	
61	79	45	68	73	22	23	0	15	74	64	
27	14	31	82	74	30	60	15	0	10	84	
30	18	19	61	68	68	51	74	10	0	48	
31	62	44	62	75	79	70	64	84	48	0	
[0, 5, 4, 2, 9, 1, 8, 7, 6, 3, 10, 0]
284