C:\Users\BUDDY\anaconda3\python.exe D:/MyProgs/коммивояжер/AntSolver.py
__________________________________________________________________
12.txt
[0, 77, 62, 75, 11, 39, 32, 50, 18, 45, 37, 60]
[77, 0, 49, 39, 10, 16, 13, 15, 68, 36, 26, 52]
[62, 49, 0, 78, 74, 75, 23, 43, 44, 22, 50, 66]
[75, 39, 78, 0, 37, 41, 24, 84, 58, 61, 41, 71]
[11, 10, 74, 37, 0, 45, 76, 34, 15, 67, 27, 76]
[39, 16, 75, 41, 45, 0, 36, 23, 57, 17, 59, 31]
[32, 13, 23, 24, 76, 36, 0, 41, 18, 17, 10, 70]
[50, 15, 43, 84, 34, 23, 41, 0, 85, 53, 55, 27]
[18, 68, 44, 58, 15, 57, 18, 85, 0, 90, 32, 24]
[45, 36, 22, 61, 67, 17, 17, 53, 90, 0, 83, 64]
[37, 26, 50, 41, 27, 59, 10, 55, 32, 83, 0, 79]
[60, 52, 66, 71, 76, 31, 70, 27, 24, 64, 79, 0]

[0, 4, 3, 10, 6, 2, 9, 5, 1, 7, 11, 8, 0]  <- 261
Processing

Iteration 0 best dist = 442 <- [0, 9, 10, 3, 1, 5, 7, 11, 8, 4, 2, 6, 0]
Iteration 2 best dist = 438 <- [8, 10, 3, 1, 6, 0, 11, 5, 7, 4, 9, 2, 8]
Iteration 3 best dist = 392 <- [11, 7, 2, 6, 0, 5, 9, 3, 10, 8, 4, 1, 11]
Iteration 6 best dist = 353 <- [5, 9, 0, 4, 10, 8, 11, 7, 1, 6, 2, 3, 5]
Iteration 10 best dist = 343 <- [1, 5, 9, 2, 8, 4, 0, 6, 3, 10, 11, 7, 1]
Iteration 437 best dist = 337 <- [4, 0, 8, 5, 1, 7, 11, 2, 9, 6, 10, 3, 4]
Iteration 438 best dist = 334 <- [4, 0, 8, 11, 5, 1, 7, 2, 9, 10, 6, 3, 4]
Iteration 559 best dist = 331 <- [5, 3, 1, 7, 11, 4, 0, 8, 10, 6, 2, 9, 5]
Iteration 849 best dist = 320 <- [3, 6, 2, 9, 5, 0, 8, 11, 7, 4, 10, 1, 3]
Iteration 1180 best dist = 307 <- [3, 5, 9, 2, 6, 10, 8, 11, 7, 1, 4, 0, 3]
Iteration 8376 best dist = 293 <- [4, 0, 8, 11, 7, 1, 10, 3, 6, 2, 9, 5, 4]
Iteration 26838 best dist = 285 <- [3, 10, 6, 2, 9, 5, 11, 8, 0, 4, 7, 1, 3]
!!!Best dist and route are:  (285, [3, 10, 6, 2, 9, 5, 11, 8, 0, 4, 7, 1, 3]) after 100000 iterations!!!

Process finished with exit code 0
